0 1200 2184 1511 2313
0 471 1645 761 1684
0 153 2013 977 2117
0 1179 1592 1500 1625
0 150 1643 379 1692
0 532 1040 903 1081
0 129 1079 420 1319
0 467 113 1197 187
0 115 1102 430 1576
0 1403 1076 1535 1463
0 427 1592 1089 1629
0 1394 1709 1540 1890
0 127 780 540 886
0 1132 1083 1392 1457
0 456 1093 1122 1518
0 531 979 901 1042
0 142 901 529 975
0 143 1991 968 2052
0 1218 105 1530 174
0 1175 1496 1514 1595
0 968 1914 1523 1986
0 531 899 905 973
0 881 186 1525 1084
0 133 983 537 1083
0 119 1704 428 1892
0 513 779 919 895
0 116 223 899 398
0 144 1911 435 1984
0 944 1712 1137 1893
0 1122 1708 1407 1890
0 957 2055 1547 2156
0 156 2057 944 2158
0 442 1911 940 1982
0 122 411 898 559
0 427 1692 943 1893
0 974 1988 1528 2050
0 112 597 896 755
